{
 "cells": [
  {
   "cell_type": "markdown",
   "metadata": {},
   "source": [
    "This program is used to generate a lot a matrice, and stored them as dat file with their 10% best result (indexes)"
   ]
  },
  {
   "cell_type": "code",
   "execution_count": 1,
   "metadata": {},
   "outputs": [],
   "source": [
    "import qubogen\n",
    "import numpy as np\n",
    "import math\n",
    "import os\n",
    "\n",
    "from scipy.optimize import minimize\n",
    "from scipy.spatial.distance import pdist, squareform"
   ]
  },
  {
   "cell_type": "code",
   "execution_count": 2,
   "metadata": {},
   "outputs": [],
   "source": [
    "from pulser import Pulse, Sequence, Register\n",
    "from pulser.devices import DigitalAnalogDevice\n",
    "\n",
    "def evaluate_mapping(new_coords, *args):\n",
    "    \"\"\"Cost function to minimize. Ideally, the pairwise\n",
    "    distances are conserved\"\"\"\n",
    "    Q, shape = args\n",
    "    new_coords = np.reshape(new_coords, shape)\n",
    "    new_Q = squareform(\n",
    "        DigitalAnalogDevice.interaction_coeff / pdist(new_coords) ** 6\n",
    "    )\n",
    "    return np.linalg.norm(new_Q - Q)"
   ]
  },
  {
   "cell_type": "code",
   "execution_count": 3,
   "metadata": {},
   "outputs": [
    {
     "name": "stdout",
     "output_type": "stream",
     "text": [
      "Q8_4 is invalid\n",
      "Q8_7 is invalid\n",
      "Q10_1 is invalid\n",
      "Q10_8 is invalid\n",
      "Q12_2 is invalid\n",
      "Q12_4 is invalid\n",
      "Q12_5 is invalid\n",
      "Q12_6 is invalid\n",
      "Q12_7 is invalid\n",
      "Q12_9 is invalid\n",
      "Q12_10 is invalid\n",
      "Q4_1 = np.array([[-6.1051541 ,  2.2860221 ,  1.47460257,  2.34452943],\n",
      " [ 2.2860221 , -8.13267802,  2.25744851,  3.58920741],\n",
      " [ 1.47460257,  2.25744851, -6.04727561,  2.31522453],\n",
      " [ 2.34452943,  3.58920741,  2.31522453, -8.24896137]])\n",
      "Q4_2 = np.array([[-6.1051541 ,  2.2860221 ,  1.47460257,  2.34452943],\n",
      " [ 2.2860221 , -8.13267802,  2.25744851,  3.58920741],\n",
      " [ 1.47460257,  2.25744851, -6.04727561,  2.31522453],\n",
      " [ 2.34452943,  3.58920741,  2.31522453, -8.24896137]])\n",
      "Q4_3 = np.array([[-6.1051541 ,  2.2860221 ,  1.47460257,  2.34452943],\n",
      " [ 2.2860221 , -8.13267802,  2.25744851,  3.58920741],\n",
      " [ 1.47460257,  2.25744851, -6.04727561,  2.31522453],\n",
      " [ 2.34452943,  3.58920741,  2.31522453, -8.24896137]])\n",
      "Q4_4 = np.array([[-6.1051541 ,  2.2860221 ,  1.47460257,  2.34452943],\n",
      " [ 2.2860221 , -8.13267802,  2.25744851,  3.58920741],\n",
      " [ 1.47460257,  2.25744851, -6.04727561,  2.31522453],\n",
      " [ 2.34452943,  3.58920741,  2.31522453, -8.24896137]])\n",
      "Q4_5 = np.array([[-6.1051541 ,  2.2860221 ,  1.47460257,  2.34452943],\n",
      " [ 2.2860221 , -8.13267802,  2.25744851,  3.58920741],\n",
      " [ 1.47460257,  2.25744851, -6.04727561,  2.31522453],\n",
      " [ 2.34452943,  3.58920741,  2.31522453, -8.24896137]])\n",
      "Q4_6 = np.array([[-6.1051541 ,  2.2860221 ,  1.47460257,  2.34452943],\n",
      " [ 2.2860221 , -8.13267802,  2.25744851,  3.58920741],\n",
      " [ 1.47460257,  2.25744851, -6.04727561,  2.31522453],\n",
      " [ 2.34452943,  3.58920741,  2.31522453, -8.24896137]])\n",
      "Q4_7 = np.array([[-6.1051541 ,  2.2860221 ,  1.47460257,  2.34452943],\n",
      " [ 2.2860221 , -8.13267802,  2.25744851,  3.58920741],\n",
      " [ 1.47460257,  2.25744851, -6.04727561,  2.31522453],\n",
      " [ 2.34452943,  3.58920741,  2.31522453, -8.24896137]])\n",
      "Q4_8 = np.array([[-6.1051541 ,  2.2860221 ,  1.47460257,  2.34452943],\n",
      " [ 2.2860221 , -8.13267802,  2.25744851,  3.58920741],\n",
      " [ 1.47460257,  2.25744851, -6.04727561,  2.31522453],\n",
      " [ 2.34452943,  3.58920741,  2.31522453, -8.24896137]])\n",
      "Q4_9 = np.array([[-6.1051541 ,  2.2860221 ,  1.47460257,  2.34452943],\n",
      " [ 2.2860221 , -8.13267802,  2.25744851,  3.58920741],\n",
      " [ 1.47460257,  2.25744851, -6.04727561,  2.31522453],\n",
      " [ 2.34452943,  3.58920741,  2.31522453, -8.24896137]])\n",
      "Q4_10 = np.array([[-6.1051541 ,  2.2860221 ,  1.47460257,  2.34452943],\n",
      " [ 2.2860221 , -8.13267802,  2.25744851,  3.58920741],\n",
      " [ 1.47460257,  2.25744851, -6.04727561,  2.31522453],\n",
      " [ 2.34452943,  3.58920741,  2.31522453, -8.24896137]])\n",
      "Q6_1 = np.array([[ -9.8935224 ,   2.2860221 ,   1.47460257,   2.34452943,   1.81882831,\n",
      "    1.96953999],\n",
      " [  2.2860221 , -13.93223823,   2.25744851,   3.58920741,   2.7844189 ,\n",
      "    3.01514131],\n",
      " [  1.47460257,   2.25744851,  -9.7882921 ,   2.31522453,   1.79609429,\n",
      "    1.94492219],\n",
      " [  2.34452943,   3.58920741,   2.31522453, -14.19695267,   2.85568194,\n",
      "    3.09230936],\n",
      " [  1.81882831,   2.7844189 ,   1.79609429,   2.85568194, -11.65396104,\n",
      "    2.3989376 ],\n",
      " [  1.96953999,   3.01514131,   1.94492219,   3.09230936,   2.3989376 ,\n",
      "  -12.42085046]])\n",
      "Q6_2 = np.array([[ -9.8935224 ,   2.2860221 ,   1.47460257,   2.34452943,   1.81882831,\n",
      "    1.96953999],\n",
      " [  2.2860221 , -13.93223823,   2.25744851,   3.58920741,   2.7844189 ,\n",
      "    3.01514131],\n",
      " [  1.47460257,   2.25744851,  -9.7882921 ,   2.31522453,   1.79609429,\n",
      "    1.94492219],\n",
      " [  2.34452943,   3.58920741,   2.31522453, -14.19695267,   2.85568194,\n",
      "    3.09230936],\n",
      " [  1.81882831,   2.7844189 ,   1.79609429,   2.85568194, -11.65396104,\n",
      "    2.3989376 ],\n",
      " [  1.96953999,   3.01514131,   1.94492219,   3.09230936,   2.3989376 ,\n",
      "  -12.42085046]])\n",
      "Q6_3 = np.array([[ -9.8935224 ,   2.2860221 ,   1.47460257,   2.34452943,   1.81882831,\n",
      "    1.96953999],\n",
      " [  2.2860221 , -13.93223823,   2.25744851,   3.58920741,   2.7844189 ,\n",
      "    3.01514131],\n",
      " [  1.47460257,   2.25744851,  -9.7882921 ,   2.31522453,   1.79609429,\n",
      "    1.94492219],\n",
      " [  2.34452943,   3.58920741,   2.31522453, -14.19695267,   2.85568194,\n",
      "    3.09230936],\n",
      " [  1.81882831,   2.7844189 ,   1.79609429,   2.85568194, -11.65396104,\n",
      "    2.3989376 ],\n",
      " [  1.96953999,   3.01514131,   1.94492219,   3.09230936,   2.3989376 ,\n",
      "  -12.42085046]])\n",
      "Q6_4 = np.array([[ -9.8935224 ,   2.2860221 ,   1.47460257,   2.34452943,   1.81882831,\n",
      "    1.96953999],\n",
      " [  2.2860221 , -13.93223823,   2.25744851,   3.58920741,   2.7844189 ,\n",
      "    3.01514131],\n",
      " [  1.47460257,   2.25744851,  -9.7882921 ,   2.31522453,   1.79609429,\n",
      "    1.94492219],\n",
      " [  2.34452943,   3.58920741,   2.31522453, -14.19695267,   2.85568194,\n",
      "    3.09230936],\n",
      " [  1.81882831,   2.7844189 ,   1.79609429,   2.85568194, -11.65396104,\n",
      "    2.3989376 ],\n",
      " [  1.96953999,   3.01514131,   1.94492219,   3.09230936,   2.3989376 ,\n",
      "  -12.42085046]])\n",
      "Q6_5 = np.array([[ -9.8935224 ,   2.2860221 ,   1.47460257,   2.34452943,   1.81882831,\n",
      "    1.96953999],\n",
      " [  2.2860221 , -13.93223823,   2.25744851,   3.58920741,   2.7844189 ,\n",
      "    3.01514131],\n",
      " [  1.47460257,   2.25744851,  -9.7882921 ,   2.31522453,   1.79609429,\n",
      "    1.94492219],\n",
      " [  2.34452943,   3.58920741,   2.31522453, -14.19695267,   2.85568194,\n",
      "    3.09230936],\n",
      " [  1.81882831,   2.7844189 ,   1.79609429,   2.85568194, -11.65396104,\n",
      "    2.3989376 ],\n",
      " [  1.96953999,   3.01514131,   1.94492219,   3.09230936,   2.3989376 ,\n",
      "  -12.42085046]])\n",
      "Q6_6 = np.array([[ -9.8935224 ,   2.2860221 ,   1.47460257,   2.34452943,   1.81882831,\n",
      "    1.96953999],\n",
      " [  2.2860221 , -13.93223823,   2.25744851,   3.58920741,   2.7844189 ,\n",
      "    3.01514131],\n",
      " [  1.47460257,   2.25744851,  -9.7882921 ,   2.31522453,   1.79609429,\n",
      "    1.94492219],\n",
      " [  2.34452943,   3.58920741,   2.31522453, -14.19695267,   2.85568194,\n",
      "    3.09230936],\n",
      " [  1.81882831,   2.7844189 ,   1.79609429,   2.85568194, -11.65396104,\n",
      "    2.3989376 ],\n",
      " [  1.96953999,   3.01514131,   1.94492219,   3.09230936,   2.3989376 ,\n",
      "  -12.42085046]])\n",
      "Q6_7 = np.array([[ -9.8935224 ,   2.2860221 ,   1.47460257,   2.34452943,   1.81882831,\n",
      "    1.96953999],\n",
      " [  2.2860221 , -13.93223823,   2.25744851,   3.58920741,   2.7844189 ,\n",
      "    3.01514131],\n",
      " [  1.47460257,   2.25744851,  -9.7882921 ,   2.31522453,   1.79609429,\n",
      "    1.94492219],\n",
      " [  2.34452943,   3.58920741,   2.31522453, -14.19695267,   2.85568194,\n",
      "    3.09230936],\n",
      " [  1.81882831,   2.7844189 ,   1.79609429,   2.85568194, -11.65396104,\n",
      "    2.3989376 ],\n",
      " [  1.96953999,   3.01514131,   1.94492219,   3.09230936,   2.3989376 ,\n",
      "  -12.42085046]])\n",
      "Q6_8 = np.array([[ -9.8935224 ,   2.2860221 ,   1.47460257,   2.34452943,   1.81882831,\n",
      "    1.96953999],\n",
      " [  2.2860221 , -13.93223823,   2.25744851,   3.58920741,   2.7844189 ,\n",
      "    3.01514131],\n",
      " [  1.47460257,   2.25744851,  -9.7882921 ,   2.31522453,   1.79609429,\n",
      "    1.94492219],\n",
      " [  2.34452943,   3.58920741,   2.31522453, -14.19695267,   2.85568194,\n",
      "    3.09230936],\n",
      " [  1.81882831,   2.7844189 ,   1.79609429,   2.85568194, -11.65396104,\n",
      "    2.3989376 ],\n",
      " [  1.96953999,   3.01514131,   1.94492219,   3.09230936,   2.3989376 ,\n",
      "  -12.42085046]])\n",
      "Q6_9 = np.array([[ -9.8935224 ,   2.2860221 ,   1.47460257,   2.34452943,   1.81882831,\n",
      "    1.96953999],\n",
      " [  2.2860221 , -13.93223823,   2.25744851,   3.58920741,   2.7844189 ,\n",
      "    3.01514131],\n",
      " [  1.47460257,   2.25744851,  -9.7882921 ,   2.31522453,   1.79609429,\n",
      "    1.94492219],\n",
      " [  2.34452943,   3.58920741,   2.31522453, -14.19695267,   2.85568194,\n",
      "    3.09230936],\n",
      " [  1.81882831,   2.7844189 ,   1.79609429,   2.85568194, -11.65396104,\n",
      "    2.3989376 ],\n",
      " [  1.96953999,   3.01514131,   1.94492219,   3.09230936,   2.3989376 ,\n",
      "  -12.42085046]])\n",
      "Q6_10 = np.array([[ -9.8935224 ,   2.2860221 ,   1.47460257,   2.34452943,   1.81882831,\n",
      "    1.96953999],\n",
      " [  2.2860221 , -13.93223823,   2.25744851,   3.58920741,   2.7844189 ,\n",
      "    3.01514131],\n",
      " [  1.47460257,   2.25744851,  -9.7882921 ,   2.31522453,   1.79609429,\n",
      "    1.94492219],\n",
      " [  2.34452943,   3.58920741,   2.31522453, -14.19695267,   2.85568194,\n",
      "    3.09230936],\n",
      " [  1.81882831,   2.7844189 ,   1.79609429,   2.85568194, -11.65396104,\n",
      "    2.3989376 ],\n",
      " [  1.96953999,   3.01514131,   1.94492219,   3.09230936,   2.3989376 ,\n",
      "  -12.42085046]])\n",
      "Q8_1 = np.array([[-13.90694615,   2.2860221 ,   1.47460257,   2.34452943,   1.81882831,\n",
      "    1.96953999,   2.15792734,   1.85549641],\n",
      " [  2.2860221 , -20.07633269,   2.25744851,   3.58920741,   2.7844189 ,\n",
      "    3.01514131,   3.30354088,   2.84055358],\n",
      " [  1.47460257,   2.25744851, -13.751551  ,   2.31522453,   1.79609429,\n",
      "    1.94492219,   2.13095484,   1.83230407],\n",
      " [  2.34452943,   3.58920741,   2.31522453, -20.49829606,   2.85568194,\n",
      "    3.09230936,   3.38809008,   2.91325331],\n",
      " [  1.81882831,   2.7844189 ,   1.79609429,   2.85568194, -16.54238837,\n",
      "    2.3989376 ,   2.62839701,   2.26003032],\n",
      " [  1.96953999,   3.01514131,   1.94492219,   3.09230936,   2.3989376 ,\n",
      "  -17.71434248,   2.84619115,   2.44730087],\n",
      " [  2.15792734,   3.30354088,   2.13095484,   3.38809008,   2.62839701,\n",
      "    2.84619115, -19.13648755,   2.68138625],\n",
      " [  1.85549641,   2.84055358,   1.83230407,   2.91325331,   2.26003032,\n",
      "    2.44730087,   2.68138625, -16.83032483]])\n",
      "Q8_2 = np.array([[-13.90694615,   2.2860221 ,   1.47460257,   2.34452943,   1.81882831,\n",
      "    1.96953999,   2.15792734,   1.85549641],\n",
      " [  2.2860221 , -20.07633269,   2.25744851,   3.58920741,   2.7844189 ,\n",
      "    3.01514131,   3.30354088,   2.84055358],\n",
      " [  1.47460257,   2.25744851, -13.751551  ,   2.31522453,   1.79609429,\n",
      "    1.94492219,   2.13095484,   1.83230407],\n",
      " [  2.34452943,   3.58920741,   2.31522453, -20.49829606,   2.85568194,\n",
      "    3.09230936,   3.38809008,   2.91325331],\n",
      " [  1.81882831,   2.7844189 ,   1.79609429,   2.85568194, -16.54238837,\n",
      "    2.3989376 ,   2.62839701,   2.26003032],\n",
      " [  1.96953999,   3.01514131,   1.94492219,   3.09230936,   2.3989376 ,\n",
      "  -17.71434248,   2.84619115,   2.44730087],\n",
      " [  2.15792734,   3.30354088,   2.13095484,   3.38809008,   2.62839701,\n",
      "    2.84619115, -19.13648755,   2.68138625],\n",
      " [  1.85549641,   2.84055358,   1.83230407,   2.91325331,   2.26003032,\n",
      "    2.44730087,   2.68138625, -16.83032483]])\n",
      "Q8_3 = np.array([[-13.90694615,   2.2860221 ,   1.47460257,   2.34452943,   1.81882831,\n",
      "    1.96953999,   2.15792734,   1.85549641],\n",
      " [  2.2860221 , -20.07633269,   2.25744851,   3.58920741,   2.7844189 ,\n",
      "    3.01514131,   3.30354088,   2.84055358],\n",
      " [  1.47460257,   2.25744851, -13.751551  ,   2.31522453,   1.79609429,\n",
      "    1.94492219,   2.13095484,   1.83230407],\n",
      " [  2.34452943,   3.58920741,   2.31522453, -20.49829606,   2.85568194,\n",
      "    3.09230936,   3.38809008,   2.91325331],\n",
      " [  1.81882831,   2.7844189 ,   1.79609429,   2.85568194, -16.54238837,\n",
      "    2.3989376 ,   2.62839701,   2.26003032],\n",
      " [  1.96953999,   3.01514131,   1.94492219,   3.09230936,   2.3989376 ,\n",
      "  -17.71434248,   2.84619115,   2.44730087],\n",
      " [  2.15792734,   3.30354088,   2.13095484,   3.38809008,   2.62839701,\n",
      "    2.84619115, -19.13648755,   2.68138625],\n",
      " [  1.85549641,   2.84055358,   1.83230407,   2.91325331,   2.26003032,\n",
      "    2.44730087,   2.68138625, -16.83032483]])\n",
      "Q8_5 = np.array([[-13.90694615,   2.2860221 ,   1.47460257,   2.34452943,   1.81882831,\n",
      "    1.96953999,   2.15792734,   1.85549641],\n",
      " [  2.2860221 , -20.07633269,   2.25744851,   3.58920741,   2.7844189 ,\n",
      "    3.01514131,   3.30354088,   2.84055358],\n",
      " [  1.47460257,   2.25744851, -13.751551  ,   2.31522453,   1.79609429,\n",
      "    1.94492219,   2.13095484,   1.83230407],\n",
      " [  2.34452943,   3.58920741,   2.31522453, -20.49829606,   2.85568194,\n",
      "    3.09230936,   3.38809008,   2.91325331],\n",
      " [  1.81882831,   2.7844189 ,   1.79609429,   2.85568194, -16.54238837,\n",
      "    2.3989376 ,   2.62839701,   2.26003032],\n",
      " [  1.96953999,   3.01514131,   1.94492219,   3.09230936,   2.3989376 ,\n",
      "  -17.71434248,   2.84619115,   2.44730087],\n",
      " [  2.15792734,   3.30354088,   2.13095484,   3.38809008,   2.62839701,\n",
      "    2.84619115, -19.13648755,   2.68138625],\n",
      " [  1.85549641,   2.84055358,   1.83230407,   2.91325331,   2.26003032,\n",
      "    2.44730087,   2.68138625, -16.83032483]])\n",
      "Q8_6 = np.array([[-13.90694615,   2.2860221 ,   1.47460257,   2.34452943,   1.81882831,\n",
      "    1.96953999,   2.15792734,   1.85549641],\n",
      " [  2.2860221 , -20.07633269,   2.25744851,   3.58920741,   2.7844189 ,\n",
      "    3.01514131,   3.30354088,   2.84055358],\n",
      " [  1.47460257,   2.25744851, -13.751551  ,   2.31522453,   1.79609429,\n",
      "    1.94492219,   2.13095484,   1.83230407],\n",
      " [  2.34452943,   3.58920741,   2.31522453, -20.49829606,   2.85568194,\n",
      "    3.09230936,   3.38809008,   2.91325331],\n",
      " [  1.81882831,   2.7844189 ,   1.79609429,   2.85568194, -16.54238837,\n",
      "    2.3989376 ,   2.62839701,   2.26003032],\n",
      " [  1.96953999,   3.01514131,   1.94492219,   3.09230936,   2.3989376 ,\n",
      "  -17.71434248,   2.84619115,   2.44730087],\n",
      " [  2.15792734,   3.30354088,   2.13095484,   3.38809008,   2.62839701,\n",
      "    2.84619115, -19.13648755,   2.68138625],\n",
      " [  1.85549641,   2.84055358,   1.83230407,   2.91325331,   2.26003032,\n",
      "    2.44730087,   2.68138625, -16.83032483]])\n",
      "Q8_8 = np.array([[-13.90694615,   2.2860221 ,   1.47460257,   2.34452943,   1.81882831,\n",
      "    1.96953999,   2.15792734,   1.85549641],\n",
      " [  2.2860221 , -20.07633269,   2.25744851,   3.58920741,   2.7844189 ,\n",
      "    3.01514131,   3.30354088,   2.84055358],\n",
      " [  1.47460257,   2.25744851, -13.751551  ,   2.31522453,   1.79609429,\n",
      "    1.94492219,   2.13095484,   1.83230407],\n",
      " [  2.34452943,   3.58920741,   2.31522453, -20.49829606,   2.85568194,\n",
      "    3.09230936,   3.38809008,   2.91325331],\n",
      " [  1.81882831,   2.7844189 ,   1.79609429,   2.85568194, -16.54238837,\n",
      "    2.3989376 ,   2.62839701,   2.26003032],\n",
      " [  1.96953999,   3.01514131,   1.94492219,   3.09230936,   2.3989376 ,\n",
      "  -17.71434248,   2.84619115,   2.44730087],\n",
      " [  2.15792734,   3.30354088,   2.13095484,   3.38809008,   2.62839701,\n",
      "    2.84619115, -19.13648755,   2.68138625],\n",
      " [  1.85549641,   2.84055358,   1.83230407,   2.91325331,   2.26003032,\n",
      "    2.44730087,   2.68138625, -16.83032483]])\n",
      "Q8_9 = np.array([[-13.90694615,   2.2860221 ,   1.47460257,   2.34452943,   1.81882831,\n",
      "    1.96953999,   2.15792734,   1.85549641],\n",
      " [  2.2860221 , -20.07633269,   2.25744851,   3.58920741,   2.7844189 ,\n",
      "    3.01514131,   3.30354088,   2.84055358],\n",
      " [  1.47460257,   2.25744851, -13.751551  ,   2.31522453,   1.79609429,\n",
      "    1.94492219,   2.13095484,   1.83230407],\n",
      " [  2.34452943,   3.58920741,   2.31522453, -20.49829606,   2.85568194,\n",
      "    3.09230936,   3.38809008,   2.91325331],\n",
      " [  1.81882831,   2.7844189 ,   1.79609429,   2.85568194, -16.54238837,\n",
      "    2.3989376 ,   2.62839701,   2.26003032],\n",
      " [  1.96953999,   3.01514131,   1.94492219,   3.09230936,   2.3989376 ,\n",
      "  -17.71434248,   2.84619115,   2.44730087],\n",
      " [  2.15792734,   3.30354088,   2.13095484,   3.38809008,   2.62839701,\n",
      "    2.84619115, -19.13648755,   2.68138625],\n",
      " [  1.85549641,   2.84055358,   1.83230407,   2.91325331,   2.26003032,\n",
      "    2.44730087,   2.68138625, -16.83032483]])\n",
      "Q8_10 = np.array([[-13.90694615,   2.2860221 ,   1.47460257,   2.34452943,   1.81882831,\n",
      "    1.96953999,   2.15792734,   1.85549641],\n",
      " [  2.2860221 , -20.07633269,   2.25744851,   3.58920741,   2.7844189 ,\n",
      "    3.01514131,   3.30354088,   2.84055358],\n",
      " [  1.47460257,   2.25744851, -13.751551  ,   2.31522453,   1.79609429,\n",
      "    1.94492219,   2.13095484,   1.83230407],\n",
      " [  2.34452943,   3.58920741,   2.31522453, -20.49829606,   2.85568194,\n",
      "    3.09230936,   3.38809008,   2.91325331],\n",
      " [  1.81882831,   2.7844189 ,   1.79609429,   2.85568194, -16.54238837,\n",
      "    2.3989376 ,   2.62839701,   2.26003032],\n",
      " [  1.96953999,   3.01514131,   1.94492219,   3.09230936,   2.3989376 ,\n",
      "  -17.71434248,   2.84619115,   2.44730087],\n",
      " [  2.15792734,   3.30354088,   2.13095484,   3.38809008,   2.62839701,\n",
      "    2.84619115, -19.13648755,   2.68138625],\n",
      " [  1.85549641,   2.84055358,   1.83230407,   2.91325331,   2.26003032,\n",
      "    2.44730087,   2.68138625, -16.83032483]])\n",
      "Q10_2 = np.array([[-16.94301474,   2.2860221 ,   1.47460257,   2.34452943,   1.81882831,\n",
      "    1.96953999,   2.15792734,   1.85549641,   1.58468136,   1.45138723],\n",
      " [  2.2860221 , -24.72420776,   2.25744851,   3.58920741,   2.7844189 ,\n",
      "    3.01514131,   3.30354088,   2.84055358,   2.42596659,   2.22190847],\n",
      " [  1.47460257,   2.25744851, -16.74967097,   2.31522453,   1.79609429,\n",
      "    1.94492219,   2.13095484,   1.83230407,   1.56487401,   1.43324596],\n",
      " [  2.34452943,   3.58920741,   2.31522453, -25.26512655,   2.85568194,\n",
      "    3.09230936,   3.38809008,   2.91325331,   2.48805559,   2.2787749 ],\n",
      " [  1.81882831,   2.7844189 ,   1.79609429,   2.85568194, -20.24037831,\n",
      "    2.3989376 ,   2.62839701,   2.26003032,   1.93017238,   1.76781757],\n",
      " [  1.96953999,   3.01514131,   1.94492219,   3.09230936,   2.3989376 ,\n",
      "  -21.71875513,   2.84619115,   2.44730087,   2.09011025,   1.9143024 ],\n",
      " [  2.15792734,   3.30354088,   2.13095484,   3.38809008,   2.62839701,\n",
      "    2.84619115, -23.52392399,   2.68138625,   2.29003019,   2.09740625],\n",
      " [  1.85549641,   2.84055358,   1.83230407,   2.91325331,   2.26003032,\n",
      "    2.44730087,   2.68138625, -20.60286732,   1.96908521,   1.80345728],\n",
      " [  1.58468136,   2.42596659,   1.56487401,   2.48805559,   1.93017238,\n",
      "    2.09011025,   2.29003019,   1.96908521, -17.88321306,   1.54023749],\n",
      " [  1.45138723,   2.22190847,   1.43324596,   2.2787749 ,   1.76781757,\n",
      "    1.9143024 ,   2.09740625,   1.80345728,   1.54023749, -16.50853755]])\n",
      "Q10_3 = np.array([[-16.94301474,   2.2860221 ,   1.47460257,   2.34452943,   1.81882831,\n",
      "    1.96953999,   2.15792734,   1.85549641,   1.58468136,   1.45138723],\n",
      " [  2.2860221 , -24.72420776,   2.25744851,   3.58920741,   2.7844189 ,\n",
      "    3.01514131,   3.30354088,   2.84055358,   2.42596659,   2.22190847],\n",
      " [  1.47460257,   2.25744851, -16.74967097,   2.31522453,   1.79609429,\n",
      "    1.94492219,   2.13095484,   1.83230407,   1.56487401,   1.43324596],\n",
      " [  2.34452943,   3.58920741,   2.31522453, -25.26512655,   2.85568194,\n",
      "    3.09230936,   3.38809008,   2.91325331,   2.48805559,   2.2787749 ],\n",
      " [  1.81882831,   2.7844189 ,   1.79609429,   2.85568194, -20.24037831,\n",
      "    2.3989376 ,   2.62839701,   2.26003032,   1.93017238,   1.76781757],\n",
      " [  1.96953999,   3.01514131,   1.94492219,   3.09230936,   2.3989376 ,\n",
      "  -21.71875513,   2.84619115,   2.44730087,   2.09011025,   1.9143024 ],\n",
      " [  2.15792734,   3.30354088,   2.13095484,   3.38809008,   2.62839701,\n",
      "    2.84619115, -23.52392399,   2.68138625,   2.29003019,   2.09740625],\n",
      " [  1.85549641,   2.84055358,   1.83230407,   2.91325331,   2.26003032,\n",
      "    2.44730087,   2.68138625, -20.60286732,   1.96908521,   1.80345728],\n",
      " [  1.58468136,   2.42596659,   1.56487401,   2.48805559,   1.93017238,\n",
      "    2.09011025,   2.29003019,   1.96908521, -17.88321306,   1.54023749],\n",
      " [  1.45138723,   2.22190847,   1.43324596,   2.2787749 ,   1.76781757,\n",
      "    1.9143024 ,   2.09740625,   1.80345728,   1.54023749, -16.50853755]])\n",
      "Q10_4 = np.array([[-16.94301474,   2.2860221 ,   1.47460257,   2.34452943,   1.81882831,\n",
      "    1.96953999,   2.15792734,   1.85549641,   1.58468136,   1.45138723],\n",
      " [  2.2860221 , -24.72420776,   2.25744851,   3.58920741,   2.7844189 ,\n",
      "    3.01514131,   3.30354088,   2.84055358,   2.42596659,   2.22190847],\n",
      " [  1.47460257,   2.25744851, -16.74967097,   2.31522453,   1.79609429,\n",
      "    1.94492219,   2.13095484,   1.83230407,   1.56487401,   1.43324596],\n",
      " [  2.34452943,   3.58920741,   2.31522453, -25.26512655,   2.85568194,\n",
      "    3.09230936,   3.38809008,   2.91325331,   2.48805559,   2.2787749 ],\n",
      " [  1.81882831,   2.7844189 ,   1.79609429,   2.85568194, -20.24037831,\n",
      "    2.3989376 ,   2.62839701,   2.26003032,   1.93017238,   1.76781757],\n",
      " [  1.96953999,   3.01514131,   1.94492219,   3.09230936,   2.3989376 ,\n",
      "  -21.71875513,   2.84619115,   2.44730087,   2.09011025,   1.9143024 ],\n",
      " [  2.15792734,   3.30354088,   2.13095484,   3.38809008,   2.62839701,\n",
      "    2.84619115, -23.52392399,   2.68138625,   2.29003019,   2.09740625],\n",
      " [  1.85549641,   2.84055358,   1.83230407,   2.91325331,   2.26003032,\n",
      "    2.44730087,   2.68138625, -20.60286732,   1.96908521,   1.80345728],\n",
      " [  1.58468136,   2.42596659,   1.56487401,   2.48805559,   1.93017238,\n",
      "    2.09011025,   2.29003019,   1.96908521, -17.88321306,   1.54023749],\n",
      " [  1.45138723,   2.22190847,   1.43324596,   2.2787749 ,   1.76781757,\n",
      "    1.9143024 ,   2.09740625,   1.80345728,   1.54023749, -16.50853755]])\n",
      "Q10_5 = np.array([[-16.94301474,   2.2860221 ,   1.47460257,   2.34452943,   1.81882831,\n",
      "    1.96953999,   2.15792734,   1.85549641,   1.58468136,   1.45138723],\n",
      " [  2.2860221 , -24.72420776,   2.25744851,   3.58920741,   2.7844189 ,\n",
      "    3.01514131,   3.30354088,   2.84055358,   2.42596659,   2.22190847],\n",
      " [  1.47460257,   2.25744851, -16.74967097,   2.31522453,   1.79609429,\n",
      "    1.94492219,   2.13095484,   1.83230407,   1.56487401,   1.43324596],\n",
      " [  2.34452943,   3.58920741,   2.31522453, -25.26512655,   2.85568194,\n",
      "    3.09230936,   3.38809008,   2.91325331,   2.48805559,   2.2787749 ],\n",
      " [  1.81882831,   2.7844189 ,   1.79609429,   2.85568194, -20.24037831,\n",
      "    2.3989376 ,   2.62839701,   2.26003032,   1.93017238,   1.76781757],\n",
      " [  1.96953999,   3.01514131,   1.94492219,   3.09230936,   2.3989376 ,\n",
      "  -21.71875513,   2.84619115,   2.44730087,   2.09011025,   1.9143024 ],\n",
      " [  2.15792734,   3.30354088,   2.13095484,   3.38809008,   2.62839701,\n",
      "    2.84619115, -23.52392399,   2.68138625,   2.29003019,   2.09740625],\n",
      " [  1.85549641,   2.84055358,   1.83230407,   2.91325331,   2.26003032,\n",
      "    2.44730087,   2.68138625, -20.60286732,   1.96908521,   1.80345728],\n",
      " [  1.58468136,   2.42596659,   1.56487401,   2.48805559,   1.93017238,\n",
      "    2.09011025,   2.29003019,   1.96908521, -17.88321306,   1.54023749],\n",
      " [  1.45138723,   2.22190847,   1.43324596,   2.2787749 ,   1.76781757,\n",
      "    1.9143024 ,   2.09740625,   1.80345728,   1.54023749, -16.50853755]])\n",
      "Q10_6 = np.array([[-16.94301474,   2.2860221 ,   1.47460257,   2.34452943,   1.81882831,\n",
      "    1.96953999,   2.15792734,   1.85549641,   1.58468136,   1.45138723],\n",
      " [  2.2860221 , -24.72420776,   2.25744851,   3.58920741,   2.7844189 ,\n",
      "    3.01514131,   3.30354088,   2.84055358,   2.42596659,   2.22190847],\n",
      " [  1.47460257,   2.25744851, -16.74967097,   2.31522453,   1.79609429,\n",
      "    1.94492219,   2.13095484,   1.83230407,   1.56487401,   1.43324596],\n",
      " [  2.34452943,   3.58920741,   2.31522453, -25.26512655,   2.85568194,\n",
      "    3.09230936,   3.38809008,   2.91325331,   2.48805559,   2.2787749 ],\n",
      " [  1.81882831,   2.7844189 ,   1.79609429,   2.85568194, -20.24037831,\n",
      "    2.3989376 ,   2.62839701,   2.26003032,   1.93017238,   1.76781757],\n",
      " [  1.96953999,   3.01514131,   1.94492219,   3.09230936,   2.3989376 ,\n",
      "  -21.71875513,   2.84619115,   2.44730087,   2.09011025,   1.9143024 ],\n",
      " [  2.15792734,   3.30354088,   2.13095484,   3.38809008,   2.62839701,\n",
      "    2.84619115, -23.52392399,   2.68138625,   2.29003019,   2.09740625],\n",
      " [  1.85549641,   2.84055358,   1.83230407,   2.91325331,   2.26003032,\n",
      "    2.44730087,   2.68138625, -20.60286732,   1.96908521,   1.80345728],\n",
      " [  1.58468136,   2.42596659,   1.56487401,   2.48805559,   1.93017238,\n",
      "    2.09011025,   2.29003019,   1.96908521, -17.88321306,   1.54023749],\n",
      " [  1.45138723,   2.22190847,   1.43324596,   2.2787749 ,   1.76781757,\n",
      "    1.9143024 ,   2.09740625,   1.80345728,   1.54023749, -16.50853755]])\n",
      "Q10_7 = np.array([[-16.94301474,   2.2860221 ,   1.47460257,   2.34452943,   1.81882831,\n",
      "    1.96953999,   2.15792734,   1.85549641,   1.58468136,   1.45138723],\n",
      " [  2.2860221 , -24.72420776,   2.25744851,   3.58920741,   2.7844189 ,\n",
      "    3.01514131,   3.30354088,   2.84055358,   2.42596659,   2.22190847],\n",
      " [  1.47460257,   2.25744851, -16.74967097,   2.31522453,   1.79609429,\n",
      "    1.94492219,   2.13095484,   1.83230407,   1.56487401,   1.43324596],\n",
      " [  2.34452943,   3.58920741,   2.31522453, -25.26512655,   2.85568194,\n",
      "    3.09230936,   3.38809008,   2.91325331,   2.48805559,   2.2787749 ],\n",
      " [  1.81882831,   2.7844189 ,   1.79609429,   2.85568194, -20.24037831,\n",
      "    2.3989376 ,   2.62839701,   2.26003032,   1.93017238,   1.76781757],\n",
      " [  1.96953999,   3.01514131,   1.94492219,   3.09230936,   2.3989376 ,\n",
      "  -21.71875513,   2.84619115,   2.44730087,   2.09011025,   1.9143024 ],\n",
      " [  2.15792734,   3.30354088,   2.13095484,   3.38809008,   2.62839701,\n",
      "    2.84619115, -23.52392399,   2.68138625,   2.29003019,   2.09740625],\n",
      " [  1.85549641,   2.84055358,   1.83230407,   2.91325331,   2.26003032,\n",
      "    2.44730087,   2.68138625, -20.60286732,   1.96908521,   1.80345728],\n",
      " [  1.58468136,   2.42596659,   1.56487401,   2.48805559,   1.93017238,\n",
      "    2.09011025,   2.29003019,   1.96908521, -17.88321306,   1.54023749],\n",
      " [  1.45138723,   2.22190847,   1.43324596,   2.2787749 ,   1.76781757,\n",
      "    1.9143024 ,   2.09740625,   1.80345728,   1.54023749, -16.50853755]])\n",
      "Q10_9 = np.array([[-16.94301474,   2.2860221 ,   1.47460257,   2.34452943,   1.81882831,\n",
      "    1.96953999,   2.15792734,   1.85549641,   1.58468136,   1.45138723],\n",
      " [  2.2860221 , -24.72420776,   2.25744851,   3.58920741,   2.7844189 ,\n",
      "    3.01514131,   3.30354088,   2.84055358,   2.42596659,   2.22190847],\n",
      " [  1.47460257,   2.25744851, -16.74967097,   2.31522453,   1.79609429,\n",
      "    1.94492219,   2.13095484,   1.83230407,   1.56487401,   1.43324596],\n",
      " [  2.34452943,   3.58920741,   2.31522453, -25.26512655,   2.85568194,\n",
      "    3.09230936,   3.38809008,   2.91325331,   2.48805559,   2.2787749 ],\n",
      " [  1.81882831,   2.7844189 ,   1.79609429,   2.85568194, -20.24037831,\n",
      "    2.3989376 ,   2.62839701,   2.26003032,   1.93017238,   1.76781757],\n",
      " [  1.96953999,   3.01514131,   1.94492219,   3.09230936,   2.3989376 ,\n",
      "  -21.71875513,   2.84619115,   2.44730087,   2.09011025,   1.9143024 ],\n",
      " [  2.15792734,   3.30354088,   2.13095484,   3.38809008,   2.62839701,\n",
      "    2.84619115, -23.52392399,   2.68138625,   2.29003019,   2.09740625],\n",
      " [  1.85549641,   2.84055358,   1.83230407,   2.91325331,   2.26003032,\n",
      "    2.44730087,   2.68138625, -20.60286732,   1.96908521,   1.80345728],\n",
      " [  1.58468136,   2.42596659,   1.56487401,   2.48805559,   1.93017238,\n",
      "    2.09011025,   2.29003019,   1.96908521, -17.88321306,   1.54023749],\n",
      " [  1.45138723,   2.22190847,   1.43324596,   2.2787749 ,   1.76781757,\n",
      "    1.9143024 ,   2.09740625,   1.80345728,   1.54023749, -16.50853755]])\n",
      "Q10_10 = np.array([[-16.94301474,   2.2860221 ,   1.47460257,   2.34452943,   1.81882831,\n",
      "    1.96953999,   2.15792734,   1.85549641,   1.58468136,   1.45138723],\n",
      " [  2.2860221 , -24.72420776,   2.25744851,   3.58920741,   2.7844189 ,\n",
      "    3.01514131,   3.30354088,   2.84055358,   2.42596659,   2.22190847],\n",
      " [  1.47460257,   2.25744851, -16.74967097,   2.31522453,   1.79609429,\n",
      "    1.94492219,   2.13095484,   1.83230407,   1.56487401,   1.43324596],\n",
      " [  2.34452943,   3.58920741,   2.31522453, -25.26512655,   2.85568194,\n",
      "    3.09230936,   3.38809008,   2.91325331,   2.48805559,   2.2787749 ],\n",
      " [  1.81882831,   2.7844189 ,   1.79609429,   2.85568194, -20.24037831,\n",
      "    2.3989376 ,   2.62839701,   2.26003032,   1.93017238,   1.76781757],\n",
      " [  1.96953999,   3.01514131,   1.94492219,   3.09230936,   2.3989376 ,\n",
      "  -21.71875513,   2.84619115,   2.44730087,   2.09011025,   1.9143024 ],\n",
      " [  2.15792734,   3.30354088,   2.13095484,   3.38809008,   2.62839701,\n",
      "    2.84619115, -23.52392399,   2.68138625,   2.29003019,   2.09740625],\n",
      " [  1.85549641,   2.84055358,   1.83230407,   2.91325331,   2.26003032,\n",
      "    2.44730087,   2.68138625, -20.60286732,   1.96908521,   1.80345728],\n",
      " [  1.58468136,   2.42596659,   1.56487401,   2.48805559,   1.93017238,\n",
      "    2.09011025,   2.29003019,   1.96908521, -17.88321306,   1.54023749],\n",
      " [  1.45138723,   2.22190847,   1.43324596,   2.2787749 ,   1.76781757,\n",
      "    1.9143024 ,   2.09740625,   1.80345728,   1.54023749, -16.50853755]])\n",
      "Q12_1 = np.array([[-20.38803536,   2.2860221 ,   1.47460257,   2.34452943,   1.81882831,\n",
      "    1.96953999,   2.15792734,   1.85549641,   1.58468136,   1.45138723,\n",
      "    1.32065845,   2.12436217],\n",
      " [  2.2860221 , -29.99814179,   2.25744851,   3.58920741,   2.7844189 ,\n",
      "    3.01514131,   3.30354088,   2.84055358,   2.42596659,   2.22190847,\n",
      "    2.02177761,   3.25215642],\n",
      " [  1.47460257,   2.25744851, -20.15163136,   2.31522453,   1.79609429,\n",
      "    1.94492219,   2.13095484,   1.83230407,   1.56487401,   1.43324596,\n",
      "    1.30415119,   2.09780921],\n",
      " [  2.34452943,   3.58920741,   2.31522453, -30.67403905,   2.85568194,\n",
      "    3.09230936,   3.38809008,   2.91325331,   2.48805559,   2.2787749 ,\n",
      "    2.07352199,   3.33539052],\n",
      " [  1.81882831,   2.7844189 ,   1.79609429,   2.85568194, -24.4364797 ,\n",
      "    2.3989376 ,   2.62839701,   2.26003032,   1.93017238,   1.76781757,\n",
      "    1.6085874 ,   2.58751399],\n",
      " [  1.96953999,   3.01514131,   1.94492219,   3.09230936,   2.3989376 ,\n",
      "  -26.26255372,   2.84619115,   2.44730087,   2.09011025,   1.9143024 ,\n",
      "    1.74187811,   2.80192048],\n",
      " [  2.15792734,   3.30354088,   2.13095484,   3.38809008,   2.62839701,\n",
      "    2.84619115, -28.50233886,   2.68138625,   2.29003019,   2.09740625,\n",
      "    1.9084895 ,   3.06992538],\n",
      " [  1.85549641,   2.84055358,   1.83230407,   2.91325331,   2.26003032,\n",
      "    2.44730087,   2.68138625, -24.88356332,   1.96908521,   1.80345728,\n",
      "    1.64101698,   2.63967902],\n",
      " [  1.58468136,   2.42596659,   1.56487401,   2.48805559,   1.93017238,\n",
      "    2.09011025,   2.29003019,   1.96908521, -21.53912912,   1.54023749,\n",
      "    1.40150582,   2.25441025],\n",
      " [  1.45138723,   2.22190847,   1.43324596,   2.2787749 ,   1.76781757,\n",
      "    1.9143024 ,   2.09740625,   1.80345728,   1.54023749, -19.85693934,\n",
      "    1.28361935,   2.06478244],\n",
      " [  1.32065845,   2.02177761,   1.30415119,   2.07352199,   1.6085874 ,\n",
      "    1.74187811,   1.9084895 ,   1.64101698,   1.40150582,   1.28361935,\n",
      "  -18.18401056,   1.87880417],\n",
      " [  2.12436217,   3.25215642,   2.09780921,   3.33539052,   2.58751399,\n",
      "    2.80192048,   3.06992538,   2.63967902,   2.25441025,   2.06478244,\n",
      "    1.87880417, -28.10675404]])\n",
      "Q12_3 = np.array([[-20.38803536,   2.2860221 ,   1.47460257,   2.34452943,   1.81882831,\n",
      "    1.96953999,   2.15792734,   1.85549641,   1.58468136,   1.45138723,\n",
      "    1.32065845,   2.12436217],\n",
      " [  2.2860221 , -29.99814179,   2.25744851,   3.58920741,   2.7844189 ,\n",
      "    3.01514131,   3.30354088,   2.84055358,   2.42596659,   2.22190847,\n",
      "    2.02177761,   3.25215642],\n",
      " [  1.47460257,   2.25744851, -20.15163136,   2.31522453,   1.79609429,\n",
      "    1.94492219,   2.13095484,   1.83230407,   1.56487401,   1.43324596,\n",
      "    1.30415119,   2.09780921],\n",
      " [  2.34452943,   3.58920741,   2.31522453, -30.67403905,   2.85568194,\n",
      "    3.09230936,   3.38809008,   2.91325331,   2.48805559,   2.2787749 ,\n",
      "    2.07352199,   3.33539052],\n",
      " [  1.81882831,   2.7844189 ,   1.79609429,   2.85568194, -24.4364797 ,\n",
      "    2.3989376 ,   2.62839701,   2.26003032,   1.93017238,   1.76781757,\n",
      "    1.6085874 ,   2.58751399],\n",
      " [  1.96953999,   3.01514131,   1.94492219,   3.09230936,   2.3989376 ,\n",
      "  -26.26255372,   2.84619115,   2.44730087,   2.09011025,   1.9143024 ,\n",
      "    1.74187811,   2.80192048],\n",
      " [  2.15792734,   3.30354088,   2.13095484,   3.38809008,   2.62839701,\n",
      "    2.84619115, -28.50233886,   2.68138625,   2.29003019,   2.09740625,\n",
      "    1.9084895 ,   3.06992538],\n",
      " [  1.85549641,   2.84055358,   1.83230407,   2.91325331,   2.26003032,\n",
      "    2.44730087,   2.68138625, -24.88356332,   1.96908521,   1.80345728,\n",
      "    1.64101698,   2.63967902],\n",
      " [  1.58468136,   2.42596659,   1.56487401,   2.48805559,   1.93017238,\n",
      "    2.09011025,   2.29003019,   1.96908521, -21.53912912,   1.54023749,\n",
      "    1.40150582,   2.25441025],\n",
      " [  1.45138723,   2.22190847,   1.43324596,   2.2787749 ,   1.76781757,\n",
      "    1.9143024 ,   2.09740625,   1.80345728,   1.54023749, -19.85693934,\n",
      "    1.28361935,   2.06478244],\n",
      " [  1.32065845,   2.02177761,   1.30415119,   2.07352199,   1.6085874 ,\n",
      "    1.74187811,   1.9084895 ,   1.64101698,   1.40150582,   1.28361935,\n",
      "  -18.18401056,   1.87880417],\n",
      " [  2.12436217,   3.25215642,   2.09780921,   3.33539052,   2.58751399,\n",
      "    2.80192048,   3.06992538,   2.63967902,   2.25441025,   2.06478244,\n",
      "    1.87880417, -28.10675404]])\n",
      "Q12_8 = np.array([[-20.38803536,   2.2860221 ,   1.47460257,   2.34452943,   1.81882831,\n",
      "    1.96953999,   2.15792734,   1.85549641,   1.58468136,   1.45138723,\n",
      "    1.32065845,   2.12436217],\n",
      " [  2.2860221 , -29.99814179,   2.25744851,   3.58920741,   2.7844189 ,\n",
      "    3.01514131,   3.30354088,   2.84055358,   2.42596659,   2.22190847,\n",
      "    2.02177761,   3.25215642],\n",
      " [  1.47460257,   2.25744851, -20.15163136,   2.31522453,   1.79609429,\n",
      "    1.94492219,   2.13095484,   1.83230407,   1.56487401,   1.43324596,\n",
      "    1.30415119,   2.09780921],\n",
      " [  2.34452943,   3.58920741,   2.31522453, -30.67403905,   2.85568194,\n",
      "    3.09230936,   3.38809008,   2.91325331,   2.48805559,   2.2787749 ,\n",
      "    2.07352199,   3.33539052],\n",
      " [  1.81882831,   2.7844189 ,   1.79609429,   2.85568194, -24.4364797 ,\n",
      "    2.3989376 ,   2.62839701,   2.26003032,   1.93017238,   1.76781757,\n",
      "    1.6085874 ,   2.58751399],\n",
