-9.893522400305771569e+00,2.286022103085713741e+00,1.474602567247957685e+00,2.344529427478425188e+00,1.818828308480842537e+00,1.969539994012830642e+00
2.286022103085713741e+00,-1.393223822929549449e+01,2.257448508376540541e+00,3.589207408463777949e+00,2.784418895754361412e+00,3.015141313615099516e+00
1.474602567247957685e+00,2.257448508376540541e+00,-9.788292095281990512e+00,2.315224534251858479e+00,1.796094292540247661e+00,1.944922192865384813e+00
2.344529427478425188e+00,3.589207408463777949e+00,2.315224534251858479e+00,-1.419695266867968897e+01,2.855681942318608169e+00,3.092309356167017853e+00
1.818828308480842537e+00,2.784418895754361412e+00,1.796094292540247661e+00,2.855681942318608169e+00,-1.165396103810975781e+01,2.398937599015697142e+00
1.969539994012830642e+00,3.015141313615099516e+00,1.944922192865384813e+00,3.092309356167017853e+00,2.398937599015697142e+00,-1.242085045567603174e+01
