Q2_1 =
[[-8  8]
 [ 8 -8]]

Q2_2 =
[[-30  30]
 [ 30 -30]]

Q2_3 =
[[-32  32]
 [ 32 -32]]

Q2_4 =
[[-6  6]
 [ 6 -6]]

Q2_5 =
[[-7  7]
 [ 7 -7]]

Q2_6 =
[[-20  20]
 [ 20 -20]]

Q2_7 =
[[-4  4]
 [ 4 -4]]

Q2_8 =
[[-12  12]
 [ 12 -12]]

Q2_9 =
[[-18  18]
 [ 18 -18]]

Q2_10 =
[[-2  2]
 [ 2 -2]]

Q3_1 =
[[-60  30  30]
 [ 30 -66  36]
 [ 30  36 -66]]

Q3_2 =
[[-48  24  24]
 [ 24 -60  36]
 [ 24  36 -60]]

Q3_3 =
[[-14   8   6]
 [  8 -20  12]
 [  6  12 -18]]

Q3_4 =
[[-24  12  12]
 [ 12 -16   4]
 [ 12   4 -16]]

Q3_5 =
[[-16   8   8]
 [  8 -12   4]
 [  8   4 -12]]

Q3_6 =
[[-28  24   4]
 [ 24 -30   6]
 [  4   6 -10]]

Q3_7 =
[[ -8   5   3]
 [  5 -20  15]
 [  3  15 -18]]

Q3_8 =
[[-6  2  4]
 [ 2 -4  2]
 [ 4  2 -6]]

Q3_9 =
[[-12   3   9]
 [  3  -6   3]
 [  9   3 -12]]

Q3_10 =
[[-12   9   3]
 [  9 -12   3]
 [  3   3  -6]]

Q4_1 =
[[-32  16  12   4]
 [ 16 -32  12   4]
 [ 12  12 -27   3]
 [  4   4   3 -11]]

Q4_2 =
[[-28   4   4  20]
 [  4 -10   1   5]
 [  4   1 -10   5]
 [ 20   5   5 -30]]

Q4_3 =
[[-14   6   4   4]
 [  6 -18   6   6]
 [  4   6 -14   4]
 [  4   6   4 -14]]

Q4_4 =
[[-39  12  15  12]
 [ 12 -48  20  16]
 [ 15  20 -55  20]
 [ 12  16  20 -48]]

Q4_5 =
[[-44   4  16  24]
 [  4 -14   4   6]
 [ 16   4 -44  24]
 [ 24   6  24 -54]]

Q4_6 =
[[-72  12  30  30]
 [ 12 -32  10  10]
 [ 30  10 -65  25]
 [ 30  10  25 -65]]

Q4_7 =
[[-10   3   5   2]
 [  3 -24  15   6]
 [  5  15 -30  10]
 [  2   6  10 -18]]

Q4_8 =
[[-84  36  24  24]
 [ 36 -84  24  24]
 [ 24  24 -64  16]
 [ 24  24  16 -64]]

Q4_9 =
[[-10   2   2   6]
 [  2  -6   1   3]
 [  2   1  -6   3]
 [  6   3   3 -12]]

Q4_10 =
[[-36  15  15   6]
 [ 15 -50  25  10]
 [ 15  25 -50  10]
 [  6  10  10 -26]]

Q5_1 =
[[-34   2  12  12   8]
 [  2 -18   6   6   4]
 [ 12   6 -78  36  24]
 [ 12   6  36 -78  24]
 [  8   4  24  24 -60]]

Q5_2 =
[[-13   4   1   4   4]
 [  4 -40   4  16  16]
 [  1   4 -13   4   4]
 [  4  16   4 -40  16]
 [  4  16   4  16 -40]]

Q5_3 =
[[-18   4   4   2   8]
 [  4 -18   4   2   8]
 [  4   4 -18   2   8]
 [  2   2   2 -10   4]
 [  8   8   8   4 -28]]

Q5_4 =
[[-12   3   1   6   2]
 [  3 -30   3  18   6]
 [  1   3 -12   6   2]
 [  6  18   6 -42  12]
 [  2   6   2  12 -22]]

Q5_5 =
[[-15   3   3   5   4]
 [  3 -39   9  15  12]
 [  3   9 -39  15  12]
 [  5  15  15 -55  20]
 [  4  12  12  20 -48]]

Q5_6 =
[[-102    6   24   36   36]
 [   6  -22    4    6    6]
 [  24    4  -76   24   24]
 [  36    6   24 -102   36]
 [  36    6   24   36 -102]]

Q5_7 =
[[-72  18  30  12  12]
 [ 18 -45  15   6   6]
 [ 30  15 -65  10  10]
 [ 12   6  10 -32   4]
 [ 12   6  10   4 -32]]

Q5_8 =
[[-48  15   6   9  18]
 [ 15 -70  10  15  30]
 [  6  10 -34   6  12]
 [  9  15   6 -48  18]
 [ 18  30  12  18 -78]]

Q5_9 =
[[-72  12  24  18  18]
 [ 12 -32   8   6   6]
 [ 24   8 -56  12  12]
 [ 18   6  12 -45   9]
 [ 18   6  12   9 -45]]

Q5_10 =
[[-102   36   18   12   36]
 [  36 -102   18   12   36]
 [  18   18  -60    6   18]
 [  12   12    6  -42   12]
 [  36   36   18   12 -102]]

Q6_1 =
[[-40  12  10   2   4  12]
 [ 12 -96  30   6  12  36]
 [ 10  30 -85   5  10  30]
 [  2   6   5 -21   2   6]
 [  4  12  10   2 -40  12]
 [ 12  36  30   6  12 -96]]

Q6_2 =
[[-57   3  15  15   6  18]
 [  3 -21   5   5   2   6]
 [ 15   5 -85  25  10  30]
 [ 15   5  25 -85  10  30]
 [  6   2  10  10 -40  12]
 [ 18   6  30  30  12 -96]]

Q6_3 =
[[-90  12  12  36  12  18]
 [ 12 -38   4  12   4   6]
 [ 12   4 -38  12   4   6]
 [ 36  12  12 -90  12  18]
 [ 12   4   4  12 -38   6]
 [ 18   6   6  18   6 -54]]

Q6_4 =
[[-36   3   6   6   9  12]
 [  3 -14   2   2   3   4]
 [  6   2 -26   4   6   8]
 [  6   2   4 -26   6   8]
 [  9   3   6   6 -36  12]
 [ 12   4   8   8  12 -44]]

Q6_5 =
[[-51  15   3   3  18  12]
 [ 15 -75   5   5  30  20]
 [  3   5 -19   1   6   4]
 [  3   5   1 -19   6   4]
 [ 18  30   6   6 -84  24]
 [ 12  20   4   4  24 -64]]

Q6_6 =
[[-54   6  12   6  24   6]
 [  6 -14   2   1   4   1]
 [ 12   2 -26   2   8   2]
 [  6   1   2 -14   4   1]
 [ 24   4   8   4 -44   4]
 [  6   1   2   1   4 -14]]

Q6_7 =
[[ -80   20   20   24    8    8]
 [  20  -95   25   30   10   10]
 [  20   25  -95   30   10   10]
 [  24   30   30 -108   12   12]
 [   8   10   10   12  -44    4]
 [   8   10   10   12    4  -44]]

Q6_8 =
[[ -42   12    8    6   12    4]
 [  12 -102   24   18   36   12]
 [   8   24  -76   12   24    8]
 [   6   18   12  -60   18    6]
 [  12   36   24   18 -102   12]
 [   4   12    8    6   12  -42]]

Q6_9 =
[[-20   2   8   2   6   2]
 [  2 -11   4   1   3   1]
 [  8   4 -32   4  12   4]
 [  2   1   4 -11   3   1]
 [  6   3  12   3 -27   3]
 [  2   1   4   1   3 -11]]

Q6_10 =
[[-13   3   1   2   3   4]
 [  3 -33   3   6   9  12]
 [  1   3 -13   2   3   4]
 [  2   6   2 -24   6   8]
 [  3   9   3   6 -33  12]
 [  4  12   4   8  12 -40]]

Q7_1 =
[[-70  20   5   5   5  25  10]
 [ 20 -60   4   4   4  20   8]
 [  5   4 -18   1   1   5   2]
 [  5   4   1 -18   1   5   2]
 [  5   4   1   1 -18   5   2]
 [ 25  20   5   5   5 -70  10]
 [ 10   8   2   2   2  10 -34]]

Q7_2 =
[[-80  25  10  10  15   5  15]
 [ 25 -80  10  10  15   5  15]
 [ 10  10 -38   4   6   2   6]
 [ 10  10   4 -38   6   2   6]
 [ 15  15   6   6 -54   3   9]
 [  5   5   2   2   3 -20   3]
 [ 15  15   6   6   9   3 -54]]

Q7_3 =
[[-38  10   6   4   4  12   2]
 [ 10 -80  15  10  10  30   5]
 [  6  15 -54   6   6  18   3]
 [  4  10   6 -38   4  12   2]
 [  4  10   6   4 -38  12   2]
 [ 12  30  18  12  12 -90   6]
 [  2   5   3   2   2   6 -20]]

Q7_4 =
[[-30   2   4   8   4   2  10]
 [  2 -16   2   4   2   1   5]
 [  4   2 -30   8   4   2  10]
 [  8   4   8 -52   8   4  20]
 [  4   2   4   8 -30   2  10]
 [  2   1   2   4   2 -16   5]
 [ 10   5  10  20  10   5 -60]]

Q7_5 =
[[-120   15   30   25   30   15    5]
 [  15  -78   18   15   18    9    3]
 [  30   18 -138   30   36   18    6]
 [  25   15   30 -120   30   15    5]
 [  30   18   36   30 -138   18    6]
 [  15    9   18   15   18  -78    3]
 [   5    3    6    5    6    3  -28]]

Q7_6 =
[[-138   36   12    6   30   30   24]
 [  36 -138   12    6   30   30   24]
 [  12   12  -54    2   10   10    8]
 [   6    6    2  -28    5    5    4]
 [  30   30   10    5 -120   25   20]
 [  30   30   10    5   25 -120   20]
 [  24   24    8    4   20   20 -100]]

Q7_7 =
[[-57  15  15   9   6   9   3]
 [ 15 -85  25  15  10  15   5]
 [ 15  25 -85  15  10  15   5]
 [  9  15  15 -57   6   9   3]
 [  6  10  10   6 -40   6   2]
 [  9  15  15   9   6 -57   3]
 [  3   5   5   3   2   3 -21]]

Q7_8 =
[[ -95   15   30   10   30    5    5]
 [  15  -63   18    6   18    3    3]
 [  30   18 -108   12   36    6    6]
 [  10    6   12  -44   12    2    2]
 [  30   18   36   12 -108    6    6]
 [   5    3    6    2    6  -23    1]
 [   5    3    6    2    6    1  -23]]

Q7_9 =
[[-60   4   8   8  16  20   4]
 [  4 -18   2   2   4   5   1]
 [  8   2 -34   4   8  10   2]
 [  8   2   4 -34   8  10   2]
 [ 16   4   8   8 -60  20   4]
 [ 20   5  10  10  20 -70   5]
 [  4   1   2   2   4   5 -18]]

Q7_10 =
[[-51   9   6   9   9   9   9]
 [  9 -51   6   9   9   9   9]
 [  6   6 -36   6   6   6   6]
 [  9   9   6 -51   9   9   9]
 [  9   9   6   9 -51   9   9]
 [  9   9   6   9   9 -51   9]
 [  9   9   6   9   9   9 -51]]

Q8_1 =
[[-38  10   6  12   2   4   2   2]
 [ 10 -80  15  30   5  10   5   5]
 [  6  15 -54  18   3   6   3   3]
 [ 12  30  18 -90   6  12   6   6]
 [  2   5   3   6 -20   2   1   1]
 [  4  10   6  12   2 -38   2   2]
 [  2   5   3   6   1   2 -20   1]
 [  2   5   3   6   1   2   1 -20]]

Q8_2 =
[[ -26    6    3    4    3    4    3    3]
 [   6 -126   18   24   18   24   18   18]
 [   3   18  -72   12    9   12    9    9]
 [   4   24   12  -92   12   16   12   12]
 [   3   18    9   12  -72   12    9    9]
 [   4   24   12   16   12  -92   12   12]
 [   3   18    9   12    9   12  -72    9]
 [   3   18    9   12    9   12    9  -72]]

Q8_3 =
[[ -23    6    2    1    6    4    3    1]
 [   6 -108   12    6   36   24   18    6]
 [   2   12  -44    2   12    8    6    2]
 [   1    6    2  -23    6    4    3    1]
 [   6   36   12    6 -108   24   18    6]
 [   4   24    8    4   24  -80   12    4]
 [   3   18    6    3   18   12  -63    3]
 [   1    6    2    1    6    4    3  -23]]

Q8_4 =
[[ -46    2   10   10    4   10    2    8]
 [   2  -24    5    5    2    5    1    4]
 [  10    5 -100   25   10   25    5   20]
 [  10    5   25 -100   10   25    5   20]
 [   4    2   10   10  -46   10    2    8]
 [  10    5   25   25   10 -100    5   20]
 [   2    1    5    5    2    5  -24    4]
 [   8    4   20   20    8   20    4  -84]]

Q8_5 =
[[ -29    5    5    1    6    6    3    3]
 [   5 -125   25    5   30   30   15   15]
 [   5   25 -125    5   30   30   15   15]
 [   1    5    5  -29    6    6    3    3]
 [   6   30   30    6 -144   36   18   18]
 [   6   30   30    6   36 -144   18   18]
 [   3   15   15    3   18   18  -81    9]
 [   3   15   15    3   18   18    9  -81]]

Q8_6 =
[[-180   36    6   30   18   24   36   30]
 [  36 -180    6   30   18   24   36   30]
 [   6    6  -35    5    3    4    6    5]
 [  30   30    5 -155   15   20   30   25]
 [  18   18    3   15  -99   12   18   15]
 [  24   24    4   20   12 -128   24   20]
 [  36   36    6   30   18   24 -180   30]
 [  30   30    5   25   15   20   30 -155]]

Q8_7 =
[[-40  10   8   6   4   6   2   4]
 [ 10 -85  20  15  10  15   5  10]
 [  8  20 -72  12   8  12   4   8]
 [  6  15  12 -57   6   9   3   6]
 [  4  10   8   6 -40   6   2   4]
 [  6  15  12   9   6 -57   3   6]
 [  2   5   4   3   2   3 -21   2]
 [  4  10   8   6   4   6   2 -40]]

Q8_8 =
[[ -72    3    9   18   15    9    9    9]
 [   3  -26    3    6    5    3    3    3]
 [   9    3  -72   18   15    9    9    9]
 [  18    6   18 -126   30   18   18   18]
 [  15    5   15   30 -110   15   15   15]
 [   9    3    9   18   15  -72    9    9]
 [   9    3    9   18   15    9  -72    9]
 [   9    3    9   18   15    9    9  -72]]

Q8_9 =
[[-18   5   3   1   1   3   4   1]
 [  5 -70  15   5   5  15  20   5]
 [  3  15 -48   3   3   9  12   3]
 [  1   5   3 -18   1   3   4   1]
 [  1   5   3   1 -18   3   4   1]
 [  3  15   9   3   3 -48  12   3]
 [  4  20  12   4   4  12 -60   4]
 [  1   5   3   1   1   3   4 -18]]

Q8_10 =
[[ -44   10    2    2   12    6    2   10]
 [  10  -95    5    5   30   15    5   25]
 [   2    5  -23    1    6    3    1    5]
 [   2    5    1  -23    6    3    1    5]
 [  12   30    6    6 -108   18    6   30]
 [   6   15    3    3   18  -63    3   15]
 [   2    5    1    1    6    3  -23    5]
 [  10   25    5    5   30   15    5  -95]]

Q9_1 =
[[ -60   12    6   12    6   10    2    4    8]
 [  12 -156   18   36   18   30    6   12   24]
 [   6   18  -87   18    9   15    3    6   12]
 [  12   36   18 -156   18   30    6   12   24]
 [   6   18    9   18  -87   15    3    6   12]
 [  10   30   15   30   15 -135    5   10   20]
 [   2    6    3    6    3    5  -31    2    4]
 [   4   12    6   12    6   10    2  -60    8]
 [   8   24   12   24   12   20    4    8 -112]]

Q9_2 =
[[ -66    8    8   10   10    8   12    2    8]
 [   8 -124   16   20   20   16   24    4   16]
 [   8   16 -124   20   20   16   24    4   16]
 [  10   20   20 -150   25   20   30    5   20]
 [  10   20   20   25 -150   20   30    5   20]
 [   8   16   16   20   20 -124   24    4   16]
 [  12   24   24   30   30   24 -174    6   24]
 [   2    4    4    5    5    4    6  -34    4]
 [   8   16   16   20   20   16   24    4 -124]]

Q9_3 =
[[ -78    6   15    3   15   18    6    6    9]
 [   6  -54   10    2   10   12    4    4    6]
 [  15   10 -120    5   25   30   10   10   15]
 [   3    2    5  -28    5    6    2    2    3]
 [  15   10   25    5 -120   30   10   10   15]
 [  18   12   30    6   30 -138   12   12   18]
 [   6    4   10    2   10   12  -54    4    6]
 [   6    4   10    2   10   12    4  -54    6]
 [   9    6   15    3   15   18    6    6  -78]]

Q9_4 =
[[ -96   20   20    4    8    4    8    8   24]
 [  20 -115   25    5   10    5   10   10   30]
 [  20   25 -115    5   10    5   10   10   30]
 [   4    5    5  -27    2    1    2    2    6]
 [   8   10   10    2  -52    2    4    4   12]
 [   4    5    5    1    2  -27    2    2    6]
 [   8   10   10    2    4    2  -52    4   12]
 [   8   10   10    2    4    2    4  -52   12]
 [  24   30   30    6   12    6   12   12 -132]]

Q9_5 =
[[-180   18   30   18   12   30   18   30   24]
 [  18  -99   15    9    6   15    9   15   12]
 [  30   15 -155   15   10   25   15   25   20]
 [  18    9   15  -99    6   15    9   15   12]
 [  12    6   10    6  -68   10    6   10    8]
 [  30   15   25   15   10 -155   15   25   20]
 [  18    9   15    9    6   15  -99   15   12]
 [  30   15   25   15   10   25   15 -155   20]
 [  24   12   20   12    8   20   12   20 -128]]

Q9_6 =
[[-100    4   16    4   24   16    4   16   16]
 [   4  -28    4    1    6    4    1    4    4]
 [  16    4 -100    4   24   16    4   16   16]
 [   4    1    4  -28    6    4    1    4    4]
 [  24    6   24    6 -138   24    6   24   24]
 [  16    4   16    4   24 -100    4   16   16]
 [   4    1    4    1    6    4  -28    4    4]
 [  16    4   16    4   24   16    4 -100   16]
 [  16    4   16    4   24   16    4   16 -100]]

Q9_7 =
[[ -27    3    1    6    3    3    2    6    3]
 [   3  -75    3   18    9    9    6   18    9]
 [   1    3  -27    6    3    3    2    6    3]
 [   6   18    6 -132   18   18   12   36   18]
 [   3    9    3   18  -75    9    6   18    9]
 [   3    9    3   18    9  -75    6   18    9]
 [   2    6    2   12    6    6  -52   12    6]
 [   6   18    6   36   18   18   12 -132   18]
 [   3    9    3   18    9    9    6   18  -75]]

Q9_8 =
[[ -52   12    4    6    2    8    2    6   12]
 [  12 -132   12   18    6   24    6   18   36]
 [   4   12  -52    6    2    8    2    6   12]
 [   6   18    6  -75    3   12    3    9   18]
 [   2    6    2    3  -27    4    1    3    6]
 [   8   24    8   12    4  -96    4   12   24]
 [   2    6    2    3    1    4  -27    3    6]
 [   6   18    6    9    3   12    3  -75   18]
 [  12   36   12   18    6   24    6   18 -132]]

Q9_9 =
[[-124    8   16   16   24   24   16    4   16]
 [   8  -66    8    8   12   12    8    2    8]
 [  16    8 -124   16   24   24   16    4   16]
 [  16    8   16 -124   24   24   16    4   16]
 [  24   12   24   24 -174   36   24    6   24]
 [  24   12   24   24   36 -174   24    6   24]
 [  16    8   16   16   24   24 -124    4   16]
 [   4    2    4    4    6    6    4  -34    4]
 [  16    8   16   16   24   24   16    4 -124]]

Q9_10 =
[[-140   20    5   15   25   15   30   20   10]
 [  20 -116    4   12   20   12   24   16    8]
 [   5    4  -32    3    5    3    6    4    2]
 [  15   12    3  -90   15    9   18   12    6]
 [  25   20    5   15 -140   15   30   20   10]
 [  15   12    3    9   15  -90   18   12    6]
 [  30   24    6   18   30   18 -162   24   12]
 [  20   16    4   12   20   12   24 -116    8]
 [  10    8    2    6   10    6   12    8  -62]]

Q10_1 =
[[ -35    6    4    6    1    4    1    2    6    5]
 [   6 -180   24   36    6   24    6   12   36   30]
 [   4   24 -128   24    4   16    4    8   24   20]
 [   6   36   24 -180    6   24    6   12   36   30]
 [   1    6    4    6  -35    4    1    2    6    5]
 [   4   24   16   24    4 -128    4    8   24   20]
 [   1    6    4    6    1    4  -35    2    6    5]
 [   2   12    8   12    2    8    2  -68   12   10]
 [   6   36   24   36    6   24    6   12 -180   30]
 [   5   30   20   30    5   20    5   10   30 -155]]

Q10_2 =
[[ -31    4    1    1    4    5    5    3    4    4]
 [   4 -112    4    4   16   20   20   12   16   16]
 [   1    4  -31    1    4    5    5    3    4    4]
 [   1    4    1  -31    4    5    5    3    4    4]
 [   4   16    4    4 -112   20   20   12   16   16]
 [   5   20    5    5   20 -135   25   15   20   20]
 [   5   20    5    5   20   25 -135   15   20   20]
 [   3   12    3    3   12   15   15  -87   12   12]
 [   4   16    4    4   16   20   20   12 -112   16]
 [   4   16    4    4   16   20   20   12   16 -112]]

Q10_3 =
[[ -54    2   12    4    6    4    8    2   10    6]
 [   2  -28    6    2    3    2    4    1    5    3]
 [  12    6 -138   12   18   12   24    6   30   18]
 [   4    2   12  -54    6    4    8    2   10    6]
 [   6    3   18    6  -78    6   12    3   15    9]
 [   4    2   12    4    6  -54    8    2   10    6]
 [   8    4   24    8   12    8 -100    4   20   12]
 [   2    1    6    2    3    2    4  -28    5    3]
 [  10    5   30   10   15   10   20    5 -120   15]
 [   6    3   18    6    9    6   12    3   15  -78]]

Q10_4 =
[[-132   20   20   16   12   16    4   12   16   16]
 [  20 -160   25   20   15   20    5   15   20   20]
 [  20   25 -160   20   15   20    5   15   20   20]
 [  16   20   20 -132   12   16    4   12   16   16]
 [  12   15   15   12 -102   12    3    9   12   12]
 [  16   20   20   16   12 -132    4   12   16   16]
 [   4    5    5    4    3    4  -36    3    4    4]
 [  12   15   15   12    9   12    3 -102   12   12]
 [  16   20   20   16   12   16    4   12 -132   16]
 [  16   20   20   16   12   16    4   12   16 -132]]

Q10_5 =
[[ -80   12    8    4   12   10    6   10    6   12]
 [  12 -216   24   12   36   30   18   30   18   36]
 [   8   24 -152    8   24   20   12   20   12   24]
 [   4   12    8  -80   12   10    6   10    6   12]
 [  12   36   24   12 -216   30   18   30   18   36]
 [  10   30   20   10   30 -185   15   25   15   30]
 [   6   18   12    6   18   15 -117   15    9   18]
 [  10   30   20   10   30   25   15 -185   15   30]
 [   6   18   12    6   18   15    9   15 -117   18]
 [  12   36   24   12   36   30   18   30   18 -216]]

Q10_6 =
[[ -39    6    6    5    1    5    6    3    2    5]
 [   6 -204   36   30    6   30   36   18   12   30]
 [   6   36 -204   30    6   30   36   18   12   30]
 [   5   30   30 -175    5   25   30   15   10   25]
 [   1    6    6    5  -39    5    6    3    2    5]
 [   5   30   30   25    5 -175   30   15   10   25]
 [   6   36   36   30    6   30 -204   18   12   30]
 [   3   18   18   15    3   15   18 -111    6   15]
 [   2   12   12   10    2   10   12    6  -76   10]
 [   5   30   30   25    5   25   30   15   10 -175]]

Q10_7 =
[[-180   30   20   20   20   30   30   15   10    5]
 [  30 -210   24   24   24   36   36   18   12    6]
 [  20   24 -148   16   16   24   24   12    8    4]
 [  20   24   16 -148   16   24   24   12    8    4]
 [  20   24   16   16 -148   24   24   12    8    4]
 [  30   36   24   24   24 -210   36   18   12    6]
 [  30   36   24   24   24   36 -210   18   12    6]
 [  15   18   12   12   12   18   18 -114    6    3]
 [  10   12    8    8    8   12   12    6  -78    2]
 [   5    6    4    4    4    6    6    3    2  -40]]

Q10_8 =
[[-165   20   15    5   15   30   15   30   10   25]
 [  20 -136   12    4   12   24   12   24    8   20]
 [  15   12 -105    3    9   18    9   18    6   15]
 [   5    4    3  -37    3    6    3    6    2    5]
 [  15   12    9    3 -105   18    9   18    6   15]
 [  30   24   18    6   18 -192   18   36   12   30]
 [  15   12    9    3    9   18 -105   18    6   15]
 [  30   24   18    6   18   36   18 -192   12   30]
 [  10    8    6    2    6   12    6   12  -72   10]
 [  25   20   15    5   15   30   15   30   10 -165]]

Q10_9 =
[[-124   20    4    8   20    8   16   20   24    4]
 [  20 -150    5   10   25   10   20   25   30    5]
 [   4    5  -34    2    5    2    4    5    6    1]
 [   8   10    2  -66   10    4    8   10   12    2]
 [  20   25    5   10 -150   10   20   25   30    5]
 [   8   10    2    4   10  -66    8   10   12    2]
 [  16   20    4    8   20    8 -124   20   24    4]
 [  20   25    5   10   25   10   20 -150   30    5]
 [  24   30    6   12   30   12   24   30 -174    6]
 [   4    5    1    2    5    2    4    5    6  -34]]

Q10_10 =
[[ -38    5    6    1    1    3    6    4    6    6]
 [   5 -170   30    5    5   15   30   20   30   30]
 [   6   30 -198    6    6   18   36   24   36   36]
 [   1    5    6  -38    1    3    6    4    6    6]
 [   1    5    6    1  -38    3    6    4    6    6]
 [   3   15   18    3    3 -108   18   12   18   18]
 [   6   30   36    6    6   18 -198   24   36   36]
 [   4   20   24    4    4   12   24 -140   24   24]
 [   6   30   36    6    6   18   36   24 -198   36]
 [   6   30   36    6    6   18   36   24   36 -198]]

Q11_1 =
[[-120    9    9    6    9   18   15    3   15   18   18]
 [   9 -120    9    6    9   18   15    3   15   18   18]
 [   9    9 -120    6    9   18   15    3   15   18   18]
 [   6    6    6  -82    6   12   10    2   10   12   12]
 [   9    9    9    6 -120   18   15    3   15   18   18]
 [  18   18   18   12   18 -222   30    6   30   36   36]
 [  15   15   15   10   15   30 -190    5   25   30   30]
 [   3    3    3    2    3    6    5  -42    5    6    6]
 [  15   15   15   10   15   30   25    5 -190   30   30]
 [  18   18   18   12   18   36   30    6   30 -222   36]
 [  18   18   18   12   18   36   30    6   30   36 -222]]

Q11_2 =
[[ -58    4   12    2   12    4    2    2    4   10    6]
 [   4  -58   12    2   12    4    2    2    4   10    6]
 [  12   12 -150    6   36   12    6    6   12   30   18]
 [   2    2    6  -30    6    2    1    1    2    5    3]
 [  12   12   36    6 -150   12    6    6   12   30   18]
 [   4    4   12    2   12  -58    2    2    4   10    6]
 [   2    2    6    1    6    2  -30    1    2    5    3]
 [   2    2    6    1    6    2    1  -30    2    5    3]
 [   4    4   12    2   12    4    2    2  -58   10    6]
 [  10   10   30    5   30   10    5    5   10 -130   15]
 [   6    6   18    3   18    6    3    3    6   15  -84]]

Q11_3 =
[[-168   24   30   18   18   12    6    6   36   12    6]
 [  24 -120   20   12   12    8    4    4   24    8    4]
 [  30   20 -145   15   15   10    5    5   30   10    5]
 [  18   12   15  -93    9    6    3    3   18    6    3]
 [  18   12   15    9  -93    6    3    3   18    6    3]
 [  12    8   10    6    6  -64    2    2   12    4    2]
 [   6    4    5    3    3    2  -33    1    6    2    1]
 [   6    4    5    3    3    2    1  -33    6    2    1]
 [  36   24   30   18   18   12    6    6 -168   12    6]
 [  12    8   10    6    6    4    2    2   12  -64    2]
 [   6    4    5    3    3    2    1    1    6    2  -33]]

Q11_4 =
[[ -28    1    2    6    1    1    1    1    5    6    4]
 [   1  -28    2    6    1    1    1    1    5    6    4]
 [   2    2  -54   12    2    2    2    2   10   12    8]
 [   6    6   12 -138    6    6    6    6   30   36   24]
 [   1    1    2    6  -28    1    1    1    5    6    4]
 [   1    1    2    6    1  -28    1    1    5    6    4]
 [   1    1    2    6    1    1  -28    1    5    6    4]
 [   1    1    2    6    1    1    1  -28    5    6    4]
 [   5    5   10   30    5    5    5    5 -120   30   20]
 [   6    6   12   36    6    6    6    6   30 -138   24]
 [   4    4    8   24    4    4    4    4   20   24 -100]]

Q11_5 =
[[-126   18    6   18   12   18   18   12   12    6    6]
 [  18 -234   12   36   24   36   36   24   24   12   12]
 [   6   12  -86   12    8   12   12    8    8    4    4]
 [  18   36   12 -234   24   36   36   24   24   12   12]
 [  12   24    8   24 -164   24   24   16   16    8    8]
 [  18   36   12   36   24 -234   36   24   24   12   12]
 [  18   36   12   36   24   36 -234   24   24   12   12]
 [  12   24    8   24   16   24   24 -164   16    8    8]
 [  12   24    8   24   16   24   24   16 -164    8    8]
 [   6   12    4   12    8   12   12    8    8  -86    4]
 [   6   12    4   12    8   12   12    8    8    4  -86]]

Q11_6 =
[[ -72   12    6    4   12   12    8    2    8    6    2]
 [  12 -192   18   12   36   36   24    6   24   18    6]
 [   6   18 -105    6   18   18   12    3   12    9    3]
 [   4   12    6  -72   12   12    8    2    8    6    2]
 [  12   36   18   12 -192   36   24    6   24   18    6]
 [  12   36   18   12   36 -192   24    6   24   18    6]
 [   8   24   12    8   24   24 -136    4   16   12    4]
 [   2    6    3    2    6    6    4  -37    4    3    1]
 [   8   24   12    8   24   24   16    4 -136   12    4]
 [   6   18    9    6   18   18   12    3   12 -105    3]
 [   2    6    3    2    6    6    4    1    4    3  -37]]

Q11_7 =
[[ -31    2    2    1    1    3    5    4    3    6    4]
 [   2  -60    4    2    2    6   10    8    6   12    8]
 [   2    4  -60    2    2    6   10    8    6   12    8]
 [   1    2    2  -31    1    3    5    4    3    6    4]
 [   1    2    2    1  -31    3    5    4    3    6    4]
 [   3    6    6    3    3  -87   15   12    9   18   12]
 [   5   10   10    5    5   15 -135   20   15   30   20]
 [   4    8    8    4    4   12   20 -112   12   24   16]
 [   3    6    6    3    3    9   15   12  -87   18   12]
 [   6   12   12    6    6   18   30   24   18 -156   24]
 [   4    8    8    4    4   12   20   16   12   24 -112]]

Q11_8 =
[[-264   36   36   18    6   24   24   18   36   30   36]
 [  36 -264   36   18    6   24   24   18   36   30   36]
 [  36   36 -264   18    6   24   24   18   36   30   36]
 [  18   18   18 -141    3   12   12    9   18   15   18]
 [   6    6    6    3  -49    4    4    3    6    5    6]
 [  24   24   24   12    4 -184   16   12   24   20   24]
 [  24   24   24   12    4   16 -184   12   24   20   24]
 [  18   18   18    9    3   12   12 -141   18   15   18]
 [  36   36   36   18    6   24   24   18 -264   30   36]
 [  30   30   30   15    5   20   20   15   30 -225   30]
 [  36   36   36   18    6   24   24   18   36   30 -264]]

Q11_9 =
[[-123   15   12    3    9   15   12   18   18   12    9]
 [  15 -195   20    5   15   25   20   30   30   20   15]
 [  12   20 -160    4   12   20   16   24   24   16   12]
 [   3    5    4  -43    3    5    4    6    6    4    3]
 [   9   15   12    3 -123   15   12   18   18   12    9]
 [  15   25   20    5   15 -195   20   30   30   20   15]
 [  12   20   16    4   12   20 -160   24   24   16   12]
 [  18   30   24    6   18   30   24 -228   36   24   18]
 [  18   30   24    6   18   30   24   36 -228   24   18]
 [  12   20   16    4   12   20   16   24   24 -160   12]
 [   9   15   12    3    9   15   12   18   18   12 -123]]

Q11_10 =
[[ -40    3    5    1    4    4    2    6    5    4    6]
 [   3 -114   15    3   12   12    6   18   15   12   18]
 [   5   15 -180    5   20   20   10   30   25   20   30]
 [   1    3    5  -40    4    4    2    6    5    4    6]
 [   4   12   20    4 -148   16    8   24   20   16   24]
 [   4   12   20    4   16 -148    8   24   20   16   24]
 [   2    6   10    2    8    8  -78   12   10    8   12]
 [   6   18   30    6   24   24   12 -210   30   24   36]
 [   5   15   25    5   20   20   10   30 -180   20   30]
 [   4   12   20    4   16   16    8   24   20 -148   24]
 [   6   18   30    6   24   24   12   36   30   24 -210]]

Q12_1 =
[[-172   16    8   24   12   24    4   20   16   12   20   16]
 [  16 -172    8   24   12   24    4   20   16   12   20   16]
 [   8    8  -90   12    6   12    2   10    8    6   10    8]
 [  24   24   12 -246   18   36    6   30   24   18   30   24]
 [  12   12    6   18 -132   18    3   15   12    9   15   12]
 [  24   24   12   36   18 -246    6   30   24   18   30   24]
 [   4    4    2    6    3    6  -46    5    4    3    5    4]
 [  20   20   10   30   15   30    5 -210   20   15   25   20]
 [  16   16    8   24   12   24    4   20 -172   12   20   16]
 [  12   12    6   18    9   18    3   15   12 -132   15   12]
 [  20   20   10   30   15   30    5   25   20   15 -210   20]
 [  16   16    8   24   12   24    4   20   16   12   20 -172]]

Q12_2 =
[[ -34    3    1    3    4    2    4    6    1    5    4    1]
 [   3  -96    3    9   12    6   12   18    3   15   12    3]
 [   1    3  -34    3    4    2    4    6    1    5    4    1]
 [   3    9    3  -96   12    6   12   18    3   15   12    3]
 [   4   12    4   12 -124    8   16   24    4   20   16    4]
 [   2    6    2    6    8  -66    8   12    2   10    8    2]
 [   4   12    4   12   16    8 -124   24    4   20   16    4]
 [   6   18    6   18   24   12   24 -174    6   30   24    6]
 [   1    3    1    3    4    2    4    6  -34    5    4    1]
 [   5   15    5   15   20   10   20   30    5 -150   20    5]
 [   4   12    4   12   16    8   16   24    4   20 -124    4]
 [   1    3    1    3    4    2    4    6    1    5    4  -34]]

Q12_3 =
[[-220   30   15   25   20   25   20   30    5   10   25   15]
 [  30 -258   18   30   24   30   24   36    6   12   30   18]
 [  15   18 -138   15   12   15   12   18    3    6   15    9]
 [  25   30   15 -220   20   25   20   30    5   10   25   15]
 [  20   24   12   20 -180   20   16   24    4    8   20   12]
 [  25   30   15   25   20 -220   20   30    5   10   25   15]
 [  20   24   12   20   16   20 -180   24    4    8   20   12]
 [  30   36   18   30   24   30   24 -258    6   12   30   18]
 [   5    6    3    5    4    5    4    6  -48    2    5    3]
 [  10   12    6   10    8   10    8   12    2  -94   10    6]
 [  25   30   15   25   20   25   20   30    5   10 -220   15]
 [  15   18    9   15   12   15   12   18    3    6   15 -138]]

Q12_4 =
[[-200   20   25   15   20   10   10   20   30   20   20   10]
 [  20 -164   20   12   16    8    8   16   24   16   16    8]
 [  25   20 -200   15   20   10   10   20   30   20   20   10]
 [  15   12   15 -126   12    6    6   12   18   12   12    6]
 [  20   16   20   12 -164    8    8   16   24   16   16    8]
 [  10    8   10    6    8  -86    4    8   12    8    8    4]
 [  10    8   10    6    8    4  -86    8   12    8    8    4]
 [  20   16   20   12   16    8    8 -164   24   16   16    8]
 [  30   24   30   18   24   12   12   24 -234   24   24   12]
 [  20   16   20   12   16    8    8   16   24 -164   16    8]
 [  20   16   20   12   16    8    8   16   24   16 -164    8]
 [  10    8   10    6    8    4    4    8   12    8    8  -86]]

Q12_5 =
[[-111    6   18    9   12    6   15    9    9   12   12    3]
 [   6  -76   12    6    8    4   10    6    6    8    8    2]
 [  18   12 -204   18   24   12   30   18   18   24   24    6]
 [   9    6   18 -111   12    6   15    9    9   12   12    3]
 [  12    8   24   12 -144    8   20   12   12   16   16    4]
 [   6    4   12    6    8  -76   10    6    6    8    8    2]
 [  15   10   30   15   20   10 -175   15   15   20   20    5]
 [   9    6   18    9   12    6   15 -111    9   12   12    3]
 [   9    6   18    9   12    6   15    9 -111   12   12    3]
 [  12    8   24   12   16    8   20   12   12 -144   16    4]
 [  12    8   24   12   16    8   20   12   12   16 -144    4]
 [   3    2    6    3    4    2    5    3    3    4    4  -39]]

Q12_6 =
[[-105    9    3   15    3   12    3   18    6   18   15    3]
 [   9 -105    3   15    3   12    3   18    6   18   15    3]
 [   3    3  -37    5    1    4    1    6    2    6    5    1]
 [  15   15    5 -165    5   20    5   30   10   30   25    5]
 [   3    3    1    5  -37    4    1    6    2    6    5    1]
 [  12   12    4   20    4 -136    4   24    8   24   20    4]
 [   3    3    1    5    1    4  -37    6    2    6    5    1]
 [  18   18    6   30    6   24    6 -192   12   36   30    6]
 [   6    6    2   10    2    8    2   12  -72   12   10    2]
 [  18   18    6   30    6   24    6   36   12 -192   30    6]
 [  15   15    5   25    5   20    5   30   10   30 -165    5]
 [   3    3    1    5    1    4    1    6    2    6    5  -37]]

Q12_7 =
[[-216    6   24    6   18   18   18   12   18   24   36   36]
 [   6  -41    4    1    3    3    3    2    3    4    6    6]
 [  24    4 -152    4   12   12   12    8   12   16   24   24]
 [   6    1    4  -41    3    3    3    2    3    4    6    6]
 [  18    3   12    3 -117    9    9    6    9   12   18   18]
 [  18    3   12    3    9 -117    9    6    9   12   18   18]
 [  18    3   12    3    9    9 -117    6    9   12   18   18]
 [  12    2    8    2    6    6    6  -80    6    8   12   12]
 [  18    3   12    3    9    9    9    6 -117   12   18   18]
 [  24    4   16    4   12   12   12    8   12 -152   24   24]
 [  36    6   24    6   18   18   18   12   18   24 -216   36]
 [  36    6   24    6   18   18   18   12   18   24   36 -216]]

Q12_8 =
[[ -96    3   12   15   15    9    3    6   15    6    3    9]
 [   3  -34    4    5    5    3    1    2    5    2    1    3]
 [  12    4 -124   20   20   12    4    8   20    8    4   12]
 [  15    5   20 -150   25   15    5   10   25   10    5   15]
 [  15    5   20   25 -150   15    5   10   25   10    5   15]
 [   9    3   12   15   15  -96    3    6   15    6    3    9]
 [   3    1    4    5    5    3  -34    2    5    2    1    3]
 [   6    2    8   10   10    6    2  -66   10    4    2    6]
 [  15    5   20   25   25   15    5   10 -150   10    5   15]
 [   6    2    8   10   10    6    2    4   10  -66    2    6]
 [   3    1    4    5    5    3    1    2    5    2  -34    3]
 [   9    3   12   15   15    9    3    6   15    6    3  -96]]

Q12_9 =
[[-225   25   25   10   20   15   25   30    5   30   30   10]
 [  25 -225   25   10   20   15   25   30    5   30   30   10]
 [  25   25 -225   10   20   15   25   30    5   30   30   10]
 [  10   10   10  -96    8    6   10   12    2   12   12    4]
 [  20   20   20    8 -184   12   20   24    4   24   24    8]
 [  15   15   15    6   12 -141   15   18    3   18   18    6]
 [  25   25   25   10   20   15 -225   30    5   30   30   10]
 [  30   30   30   12   24   18   30 -264    6   36   36   12]
 [   5    5    5    2    4    3    5    6  -49    6    6    2]
 [  30   30   30   12   24   18   30   36    6 -264   36   12]
 [  30   30   30   12   24   18   30   36    6   36 -264   12]
 [  10   10   10    4    8    6   10   12    2   12   12  -96]]

Q12_10 =
[[-120    6   15   12    9   18    9   15    9    6    6   15]
 [   6  -82   10    8    6   12    6   10    6    4    4   10]
 [  15   10 -190   20   15   30   15   25   15   10   10   25]
 [  12    8   20 -156   12   24   12   20   12    8    8   20]
 [   9    6   15   12 -120   18    9   15    9    6    6   15]
 [  18   12   30   24   18 -222   18   30   18   12   12   30]
 [   9    6   15   12    9   18 -120   15    9    6    6   15]
 [  15   10   25   20   15   30   15 -190   15   10   10   25]
 [   9    6   15   12    9   18    9   15 -120    6    6   15]
 [   6    4   10    8    6   12    6   10    6  -82    4   10]
 [   6    4   10    8    6   12    6   10    6    4  -82   10]
 [  15   10   25   20   15   30   15   25   15   10   10 -190]]
